Id,SalePrice
2658,154161.44651846288
2718,196907.1213210436
2414,199030.08918491565
1989,129666.62756377563
625,195790.96776986605
333,91590.06769700942
1327,103788.80950178763
858,138913.5825063292
95,207807.9910435361
1568,184020.7483088232
2482,174814.82264430154
1364,140443.07514618628
2584,175299.7399861906
818,316185.3015182707
2673,159708.97258350064
2089,111379.24194485872
1297,177411.13016291647
790,115780.4295221009
2616,202909.06148493924
720,205730.25028753522
222,141889.22711491887
557,137326.56254180096
1148,216908.20876329337
2766,170864.6669156057
534,205466.62977757424
1452,107412.01488444133
630,128734.24862723182
2648,114509.49157102898
125,141736.5268004241
1904,42144.84341522097
1670,98305.62400286975
756,91578.92223423107
717,271708.48296594236
1032,158648.72752218076
852,229713.37118701532
1731,173478.68279687437
2639,129563.12774439514
2071,78325.36972914478
1267,102966.2246059688
1851,210766.78001634637
567,174613.89192745712
2439,216506.29086399463
1898,150328.22988094843
647,165270.23275511828
2256,229783.0924909968
979,112308.54936396927
1444,222958.51149091244
2485,108790.63583431259
157,117568.41722758657
88,120262.59613481772
2003,110237.929368498
186,200874.39830058804
1425,274942.1099080909
2695,127757.54859056565
738,93553.09865392964
395,150597.64077254082
1353,166416.5159834749
1878,142942.9338053503
390,183279.16431828856
1456,254620.024915507
1103,301138.3406455857
1387,128935.37752403587
2070,151699.54120772882
1199,173207.81255274697
2479,181229.40553195676
501,309083.5208652828
2362,86547.48519980055
1718,205515.0365513349
2188,62255.26512942204
1483,163250.16859007633
2557,84159.61651509875
437,303060.4523469892
2224,217065.03402627117
1628,180937.39703307554
397,125506.03199518067
587,204190.13919136414
2182,531612.7882080247
971,129473.53271060134
2611,155560.90976741962
1887,73660.64244934938
2399,351969.72690995736
2148,222550.84642956205
304,122606.66870240482
1997,133457.95861508523
2817,114841.26110140691
1431,175120.60826720198
427,391974.65944845625
263,118805.20525056904
598,174267.13050907484
2895,246310.8515745414
687,142754.88735755894
1822,125052.4042353493
2191,99591.06654991253
179,132218.0866898289
1009,215706.31803107884
2010,117207.8939669884
1991,145848.95914696556
1411,156090.97821281804
1721,248948.47659157356
1144,192063.62437879015
593,215059.99608178533
575,309705.976296852
1249,188573.6134448974
1604,112549.20374089501
1064,426242.4625446317
1923,172216.46847300415
1988,98948.44980627848
2325,173771.58779028332
114,200972.70589952738
2700,209363.62927423016
217,160356.43940120883
343,184567.9379649075
386,246649.12136783756
2005,100264.92830650705
2908,137494.04365818665
1814,222195.97669055202
2446,382859.30527978146
208,144461.99885089285
1679,127438.60992339786
822,351915.8534574744
6,188867.74808004787
1781,393066.3097188883
2397,269279.87294039613
2340,269008.06920186384
1618,160285.17042034824
2843,122604.43125746964
1061,318643.3516467941
2786,110395.53413775074
1935,120711.85488110974
1341,115936.51419816074
521,293230.9851334337
2136,137305.9971207997
996,200511.9360010093
227,161546.30794930382
135,155901.35068595698
1167,167091.3851070747
294,233788.83369281678
1776,215019.43941315592
540,195086.56161212883
1717,205515.0365513349
2303,106440.79623038843
116,185539.73208617605
127,122594.83750660012
1371,132423.2741096408
1014,194651.2850577277
1507,85710.04923753168
702,150306.15351913316
750,160811.09531300754
261,141790.8998222156
1559,76438.05060689899
577,220870.41643345833
2812,207653.7305786534
2080,151198.5806842006
1368,128637.93163192415
2376,122049.08223567157
659,108950.75849725441
1235,115742.39738705943
332,90076.41601893463
1917,127679.77712065878
2094,264005.1437624146
1460,267842.7637553273
1471,200078.28499368744
1509,117047.68755773736
1922,121197.83099710119
433,438147.8636357045
460,306885.83611066174
1116,260333.7931338516
1137,169497.48582981253
53,190974.65059020813
2354,248034.9934779971
1475,208802.79821705152
1761,438868.39815357095
842,140241.33384131893
2739,193950.93398789997
2509,180254.46847365424
1007,210690.63674835686
2610,174940.92351821056
1952,85296.51783508704
2719,195907.4204497362
2921,91713.12413700254
1966,133054.98453648752
292,138862.81266472806
1204,201218.62966710384
1829,244733.5413556387
2419,191051.01666036758
391,166936.62282698049
798,113519.79402232493
481,202859.35967681228
193,194194.35148933862
555,122900.6671711687
899,60805.33630660191
2357,191891.08562194603
328,126969.88933459084
1356,116769.58602885947
1154,103046.79821741785
1730,189351.86208603266
2249,151541.8679329604
1119,269917.3889794982
2856,150115.95917179875
1394,121410.1079475137
2587,114086.02518454348
61,315715.5867262599
2661,207977.18438773355
2711,122441.34258057016
1147,186483.90226583707
757,128185.44664403795
2623,72201.38546552105
2378,171760.06771858202
1413,147157.0841880254
1722,230900.23596178368
1112,227587.06072207578
1623,191110.42324864428
1201,196306.51306861363
1513,107595.76063563449
957,249449.66504431638
1171,257395.34927362122
1145,200143.3013642437
2726,238277.07555280704
703,170268.72691612187
760,75591.81904839446
1964,125183.9432448545
2512,188051.31506642362
159,155180.9654983402
1281,172868.63088388587
468,187336.71152724806
290,130717.37572912555
665,102796.83367803194
1463,265526.2041111345
1792,230649.88360346976
923,134049.5526179672
500,274984.68321119295
1408,175876.56000013495
331,76499.92590314844
170,126652.7211979754
2192,92603.11597541292
2571,265871.05673948897
2314,173144.4660586372
2647,94349.25620665272
422,412614.55780952796
2457,330307.92251194525
1838,221609.56321043498
2805,251317.7660860137
1645,164174.43823836092
1711,281032.5107346106
2825,253343.54871756473
322,365423.95870383433
2103,278534.4910802106
342,119839.4317421857
600,112723.10635455773
488,198664.06670649906
1725,337460.8710320846
2246,243544.58583245825
2847,172733.60982959383
806,248496.134358316
530,238630.7950833914
963,188161.45441959292
2678,85117.4034294245
171,89006.69030409302
2401,394606.3803542863
805,225941.6511683621
2259,189522.84191210242
1748,183507.70130811204
1361,142878.64584982232
1677,129074.50348420083
1406,168319.6596297629
2322,226194.70505714402
688,162301.9343826938
143,131474.42513444222
804,208340.9619573278
1214,162133.53282819816
2828,145287.96080310625
1999,201578.63281929994
2467,201522.16810532927
2665,163952.77847170556
1538,310214.6881640987
398,106412.28093077068
2822,130514.0786753117
2157,151495.72740520854
1856,183187.81908942707
1269,88948.67863079542
2570,111429.78654660656
2320,260670.91559620702
1517,124480.60346360129
2304,116344.2170617109
1312,90900.50418326004
2012,144620.9050447958
506,221318.14859997205
2865,186091.55545510002
2367,114066.70249322591
554,110856.00585455389
238,124938.07336379436
1954,106905.37530255351
2488,132811.3571296586
2291,97037.70233314409
1969,78356.68323026794
2725,167304.50407344507
1482,163250.16859007633
2763,202009.7072239811
503,238475.33598171
1584,235239.92849372482
1531,164780.37242723795
2210,164722.29576825356
459,341292.2187038628
556,127478.46801422512
1347,156499.51092399828
1290,83761.46606001309
1388,107265.1929694724
1571,196227.3230503778
2754,217790.02725112432
765,126600.05882392472
2494,117393.8392682971
2870,197469.3942292645
7,217345.31448153852
1114,244854.41129816638
2418,273977.06045000115
291,116475.58640729927
18,306047.2084087328
39,358959.79812991177
1001,250359.19719937193
2442,233293.39181065682
616,117532.03435801904
2680,54036.54438705204
1414,117277.2860082966
289,139363.89887288437
40,260017.82390024408
860,123999.32990542744
409,140231.31157612466
673,135629.50704329624
2427,186817.59021469517
2036,205952.22775263325
2564,143510.43377957304
642,184844.18713015332
1008,172219.2397864203
1908,147318.94162550243
2519,235084.22041230445
1369,96294.2717001598
2855,166037.65739088974
712,91812.53027374839
1943,113706.06274608613
1958,142137.7266178628
107,176627.6530315701
2295,193985.03496001588
704,106631.44046469407
676,126172.06010227086
259,179181.05636903172
93,279840.61577048467
106,244637.43174327028
2315,190565.5830591854
1050,104796.53360114162
1095,203200.45412591705
2709,144229.08394697064
758,171565.30218117515
1496,161855.8322471887
2370,131209.0635772249
2458,250913.56623701018
2733,136136.16971872514
161,247905.82714154827
726,164798.9404580548
845,212874.7183465243
947,265705.7356879849
2232,116864.71468883008
2563,155382.11105582744
2299,135204.34463595875
211,102080.85293340516
605,197912.64288686845
1478,210090.1031216214
2247,246631.3586476515
2274,233551.55795445613
2869,185099.6601864376
967,217656.4155997719
2656,107043.42777975214
667,239923.01830595644
1042,117714.00559015363
2023,164502.71785209692
2447,326610.8184023119
2055,119958.77604020419
2275,275237.89803298924
2204,181052.12732926695
1563,247195.65535377432
483,218914.7451509105
796,133915.37797307965
1526,142295.3671400142
2042,178329.7944792296
442,354266.1081645096
1693,284200.50167317415
1468,223556.74635644304
1430,180691.06563291055
2605,172559.7157126793
1529,185878.30770602392
335,125905.22581668566
1287,133223.75352226547
31,105201.50327632073
1785,321873.7942239034
82,168860.11675543568
2620,118524.41283698246
252,209930.6909764932
721,79615.04563829955
2165,197764.6342522553
2316,178991.6830115742
775,124177.25811095902
1558,138250.1031837033
17,199257.40407426166
1022,231718.31205877248
925,121703.49043356776
438,283732.0347038206
1270,135314.58164864054
1272,114024.03123815331
215,147982.84458324395
266,225692.70536434485
2402,251820.2588356732
1250,129021.26963060678
1984,121913.69559047327
1279,140035.59107024755
377,234893.23177510704
1252,127969.51720132882
2156,254174.6555079595
499,286432.6026359598
1374,119154.04985560209
2898,235607.0958898885
401,109227.94666052848
2721,176172.1153437353
2078,229604.673906053
2589,118489.91107414942
1946,247235.5319038085
1334,125322.0983517414
2781,254634.47983520807
431,391871.55254284665
576,220939.68946566214
1474,205952.6914758084
2254,140935.19624958176
2155,281573.85210255906
885,93166.1825304968
643,130175.1485996739
1944,122800.19524786583
480,209131.31480575688
2845,89879.60886914218
2387,295388.5271746096
2407,215709.1724098809
2527,178358.21986376453
2514,171770.8338468037
629,194541.59740861703
80,207224.5122929599
1876,143703.00977725338
1546,125026.63476790237
2518,182140.1196044737
2347,162444.34861496216
783,181823.83140572108
1322,71446.5417068941
194,71996.80801062765
1770,279819.6883532782
2143,128408.45828276189
1229,210394.90353112936
511,281046.0996054809
46,216770.07205698342
1348,193665.48213935932
2465,199976.3111468584
387,238504.53298364114
873,216325.8441195874
1918,114959.09488862076
2764,237783.44270430025
2184,121138.59163729001
934,151982.53572639858
1920,122992.49270518294
2631,155770.47270854254
1768,488611.6628938031
2040,122185.65927696395
1749,221565.23562294917
834,237267.1089706573
1457,246737.89239103667
79,116298.4924985629
2302,106098.34329485087
1817,124787.59549932813
2755,249898.94298018457
359,174005.83790724535
2059,106045.5770448721
2092,243132.3082752999
2516,252628.32761610294
150,106749.22099159328
1656,147616.26217289662
83,99580.77675289701
2411,194334.42371789503
795,61253.02347153578
2312,228137.47221383665
2917,89086.01384679537
1624,186169.49844888298
2215,263560.8065738074
1211,149284.99029770156
1485,163250.16859007633
1024,167302.465187582
570,203911.50526145092
2874,139420.78091653084
700,158504.44265024838
2756,220027.4382734887
2022,185836.5643084751
583,234226.29668001967
2392,355980.812439183
2424,213849.81285633612
212,124893.42325082436
736,133165.83913521818
1610,179485.75815613108
890,117040.61675723907
467,185920.92051401848
578,232419.04900054284
1747,176117.24503767752
1149,177453.44135559865
2758,232515.0801158067
857,125849.56108686623
2219,255663.10175215476
733,128180.96772544144
2909,117289.33795744451
1798,282101.1422411174
235,118709.358070544
2366,147784.23056678672
1027,131903.8083220459
1195,141277.0589737161
1303,25508.988527713547
148,193098.26846555326
608,171482.23615686846
2515,204683.7149031431
821,276221.58305148425
2500,263367.2911351948
745,112965.45594298629
741,138475.34423186848
1611,120685.32960402244
2532,116508.24912797943
1081,235745.33340232263
1692,403354.4843327025
2520,197464.37672886119
276,96836.82906653629
1992,118291.78194332348
663,38848.83514730548
418,135591.65806161208
1733,198719.87185898505
2359,150824.22879186634
253,201563.77379399026
1518,150739.76169172715
2035,148244.4034371536
2919,87131.70493214997
1540,225158.79550245896
2120,147640.30338824785
1674,200381.60843370616
256,143883.06755173448
2361,93897.65863231382
978,75847.72244480278
2280,149356.19636742523
2095,220094.81816809392
1709,295795.3377731432
2801,233924.89796830498
1246,98571.22139979381
2373,125546.90396363978
1055,265614.6517525775
2017,115723.5824231426
1099,257604.64145084034
1344,76273.38678806812
835,170221.76117618135
1117,212406.82012498978
2043,98360.92802498906
2085,135619.29287234382
410,169032.6658381312
2650,119327.62237058903
2867,165360.7786571319
1668,111595.68683944808
1161,186429.31744382807
2122,176660.41104117595
2539,133071.07954042114
1047,147842.13168911805
1445,113489.16602384229
541,136888.47549871012
569,241615.13907340614
1276,127812.76134796673
918,149610.97554898183
326,181857.9328404283
1936,112291.8894488854
895,89181.1925962798
257,135586.5732384315
1241,182772.8505463736
1545,117686.30865643916
1189,177312.78782857468
270,151841.8078371629
2066,204896.2631227787
693,110344.23224381366
1259,226665.64563270533
2916,146355.75478719402
2321,283570.15760342753
1977,118001.59381104884
1895,155970.88553051418
1240,167657.50315178788
85,141141.96968726642
1823,119126.84504898865
825,281354.76614422986
110,230417.02965234738
697,108008.78374591393
2297,96464.55046391397
1231,134537.01774477132
1355,125861.41048697593
968,353745.1610626356
584,222640.89660099518
1315,124838.49711190694
1606,137293.16583345056
206,120796.00768073054
1685,348696.4850632695
2016,139230.98378023878
869,215028.77802482102
2135,118175.0834318735
2346,177686.05440900812
2430,236521.38226788747
2198,90051.62978143632
2652,121830.23316676613
27,105864.85827535845
241,172105.35962193637
906,133862.45148393686
1506,102851.87083583012
2098,323926.5515477314
1435,213724.349745606
2213,108267.3567787011
1274,143589.67176107696
743,48511.53220917373
1737,200095.5127586422
2797,269882.83189499495
2185,61792.76454423684
58,176031.06193763745
830,199968.4254204934
808,111380.34934763923
680,154661.12043190363
1153,109511.73108662345
1291,144159.89738801154
1818,157324.71919819238
2161,194812.73963630229
1883,131475.91811113618
350,300063.19456512434
2473,152617.8935159045
295,175947.8535377299
293,181676.27930936543
859,122663.40796106399
288,63141.71409064352
1578,135915.50699623374
102,176177.02522092723
2831,185082.79929188485
1030,184129.81379525273
2551,132013.57933922796
1286,149802.03279014904
958,290991.8691237773
776,121991.00012325661
72,212265.92208544034
2263,264872.0949740437
1866,145951.61448503585
2876,67401.90264702922
2146,265074.92090500164
103,186591.45289301986
1500,146187.2084752564
492,192088.6180090125
167,141244.98274236335
2597,110631.45759232648
2685,115900.03289087664
1035,147829.65041839445
1220,36764.396280731424
2602,153484.84917770716
2159,220180.5825927463
695,155157.4308635983
1109,253513.8304707151
640,187870.58967123507
1652,159533.823821067
2090,198992.94871968485
1188,206647.15428800715
2345,224252.3997185273
1059,343661.0157898178
2751,251708.9281685458
128,212770.63088606298
1523,196200.281749202
2925,162794.92177407074
2145,288694.92493333615
1121,225563.86452602895
566,300033.1638694543
565,220780.18591562606
1331,142124.42356474185
2928,114439.29157604915
156,137722.54830249315
797,149942.03838308662
327,95146.7506085098
2859,145646.53669703743
1453,105867.78549624687
1762,328895.71219129534
1868,194872.74025758798
1760,191085.28405265507
1113,272264.68344713585
1812,191950.538571903
117,158835.155934328
1142,205850.5316005331
2342,376364.59367059707
927,134069.55939472088
2478,197411.1086446878
655,75424.94751265069
2064,112034.90270964353
369,224910.61526617012
2239,130283.02921748815
2732,208012.9406687212
1653,160167.70604983825
959,202798.32783003812
2395,297069.4615145132
1412,104859.02340079057
271,257212.97137800875
1484,163250.16859007633
1497,140712.80718013213
552,167521.3346818557
2,111848.33106965316
1855,268104.838203678
4,269236.3215255189
2292,170304.15375582874
134,143686.18876625266
646,125483.07394926489
42,288444.5171643226
532,221697.99701462185
713,101852.69934360424
2561,121366.43617113451
2360,126179.26644049134
1333,114713.64061795086
1407,185265.54699461267
2892,264685.6525871496
574,219222.84688689566
1227,168878.50328376546
2591,253723.00362136634
1476,210791.60554672958
1125,250553.40605080163
1446,124781.02546501873
408,117530.34179488149
1101,281467.15127649583
2251,207298.83360485287
373,197130.80868934232
2554,123671.8892873877
2382,273923.97539346176
1985,77654.53839520056
519,220759.59289696018
1093,194332.05240604628
864,257547.5976399855
2889,142873.5802116883
2308,218696.03100345595
986,147291.54406159712
1302,176824.36491582615
585,163276.88913622248
2708,137059.53893952083
147,128403.16382410287
1441,224898.45823549957
383,173689.92051130076
285,162207.79754510493
181,113848.33905183856
358,233931.1672228937
780,159664.95987957148
258,205685.0364543966
1865,213633.20298402105
692,126613.64058035512
2902,310172.4365844422
508,275748.08172230504
2638,138764.38102209437
36,170817.47545423068
611,176968.4704827415
2281,121580.9732961992
1678,133158.19946762198
1696,420609.8248540787
1557,73445.35598333614
2180,153670.1617968495
1726,229718.89622194623
951,142013.20227967226
267,236189.23142408088
2706,145370.98929920222
2221,215600.4999584162
1357,165532.96446066618
2901,293705.7912383717
347,181915.5973921809
2164,195274.88106475884
1586,300045.4178535839
360,175142.9512837798
1769,233123.54850471186
2617,149315.25310857856
1879,162579.66139315598
991,220163.25898552954
1535,113510.32298942898
1191,170690.99356541137
1579,217998.00565840746
1882,129261.76541624106
1510,120608.43583668902
2196,189052.45399282413
1845,187585.3859738407
2336,319572.6099149105
942,93679.5133260525
861,109491.66472889291
2555,97056.5693045364
1392,151409.72170610633
2099,278534.4910802106
1543,139424.93641519078
948,252622.95197265316
1239,143956.90390513456
22,191857.05010867878
2796,255751.93962073838
2747,183056.60235221148
92,284717.18866525573
210,178796.61558816078
1858,223340.2864694055
2228,178937.25113876766
447,222983.41668187623
827,245398.62334009726
1649,199942.85417946192
682,124286.44811551998
2698,117510.27942081782
494,176029.47768554144
214,103468.81410561621
2441,246722.42401379428
2679,99276.38961468017
1336,132244.8674220537
465,197780.96001357064
1524,133109.2677507972
2543,118062.46880000908
631,128415.910415978
2452,293009.5885093818
228,159866.80219170832
126,162459.30054314595
1092,215506.6913655104
1122,210670.3875068305
932,215011.45983867534
1980,81609.38072423683
2171,98332.2796365009
551,154267.85772350282
2768,182951.66621281134
2056,107931.35075517077
1159,314124.47489795287
2645,140322.9584464617
1174,183327.76848404075
2266,217408.15735360017
2462,348461.9190532206
1219,129696.83572923832
2922,194417.6441929383
118,150724.9270266823
474,197484.57871375635
2576,155054.97544455473
872,264696.37337281776
1077,230997.63770118225
1536,146840.06683806377
1150,126227.575714289
2341,284198.04987769603
1931,124224.70735100495
2785,126472.82700772787
2538,119335.34081114858
597,218748.79473986485
464,191749.46256987666
233,209203.94486266645
2169,124968.64897195138
2123,160533.67955748976
1867,172473.19107488496
137,244536.38481711032
515,222576.72338311386
933,139081.13118703087
2784,170525.8205803237
972,173649.61693400698
599,173881.83801977677
2614,120052.83123835936
2582,152487.71426848715
1409,169618.48694469652
175,100850.9866992775
352,214159.09453274388
976,81292.4218284819
2134,202593.94903568603
984,107810.67218358409
2396,327864.60274885176
1673,142177.67739545667
404,132878.92570945714
607,169182.6752387222
814,169602.4177885958
868,205206.55104644265
2271,209930.73393145134
1633,227285.01844687553
337,213136.86799515405
2765,170234.78356676715
1746,242270.33134652695
368,309157.5122856004
2806,208455.79120097274
1662,193617.80295840828
1234,217154.26208054146
1373,137709.9677127625
1672,105102.39591604532
1939,129136.00746329347
