Id,SalePrice
2658,156316.1652040885
2718,206544.2061661446
2414,196235.90170622364
1989,125186.37226883805
625,195243.78097680488
333,91184.20921508389
1327,105891.89269683116
858,142996.07195606962
95,207919.3738379905
1568,182861.580242408
2482,173504.0065214794
1364,139431.18471034025
2584,177262.60316075405
818,318493.1121591578
2673,161113.64604591046
2089,109707.86361338798
1297,171454.14820803265
790,116049.66331531828
2616,205426.18412786652
720,199652.55238943003
222,145185.64865587244
557,136852.2305518525
1148,220622.23127725796
2766,168160.96039629422
534,205886.90569338723
1452,106299.69903141646
630,131188.38034309557
2648,115497.10597525812
125,140986.01707862355
1904,39530.68206646087
1670,97563.57513388369
756,87606.87801451824
717,267282.95773847855
1032,159455.9699922084
852,231265.52262420533
1731,174859.74861906434
2639,133951.3643671277
2071,68536.17769126143
1267,93965.21668095079
1851,212102.69026471127
567,173413.84546065552
2439,214880.53903974558
1898,151528.15378345374
647,164751.57914562427
2256,229163.6595974451
979,113743.34340260673
1444,222269.222043428
2485,107837.76876045944
157,119719.52594506668
88,120595.84674549781
2003,110132.06165881432
186,197323.18826040512
1425,273509.7066223548
2695,131040.41285423239
738,89869.40934605928
395,150169.19448226786
1353,170231.01802058856
1878,143941.04453845855
390,180894.78061148146
1456,252603.88828109222
1103,302883.59187405516
1387,128676.60163107008
2070,151992.8797632154
1199,172399.99683640138
2479,181498.8683676873
501,310893.90484487417
2362,87308.30162424999
1718,205841.77754288033
2188,63879.2502330961
1483,159270.5428991165
2557,78776.05638531124
437,308539.66887984826
2224,216567.54052138844
1628,173692.9786961201
397,128238.51625459798
587,208503.2886105544
2182,563250.6593181926
971,127345.45127973116
2611,160083.24825247336
1887,67207.02667394625
2399,360154.4504582677
2148,223738.8961048525
304,118679.54145227265
1997,132754.02224534843
2817,114591.06194542685
1431,176019.09838880243
427,400540.2204665367
263,116472.40925009974
598,174041.0400172193
2895,245487.58661732587
687,139897.57830428457
1822,127035.58145772477
2191,99642.56511350628
179,132411.162528638
1009,211067.3568837791
2010,119684.76844757245
1991,143639.79267049965
1411,160023.32310034518
1721,249956.8191255176
1144,192719.53407420256
593,213409.83076059408
575,320272.85992047715
1249,187413.13532665785
1604,112779.73033997219
1064,439902.14865279547
1923,172876.02870304952
1988,97902.8434788697
2325,173182.86290095147
114,203649.6122324484
2700,217496.11006463278
217,168848.68550355628
343,186027.8029033863
386,246521.98802087855
2005,99619.82668953433
2908,144605.62254830892
1814,223440.33160514536
2446,391294.896797613
208,141490.66674660618
1679,125843.18512175974
822,359652.11967666144
6,191931.40789537036
1781,400331.10276091006
2397,267459.1624112595
2340,270885.2694512326
1618,162023.50456282217
2843,122493.70082199933
1061,317649.0971598817
2786,111437.78751068158
1935,122089.81728788564
1341,113069.42549835297
521,289457.17862210824
2136,136103.3660545162
996,200744.94178806787
227,160892.96493098733
135,156102.96294238904
1167,168313.04970748987
294,236762.00488118175
1776,217290.48653910935
540,193779.943960521
1717,205841.77754288033
2303,105655.04031118212
116,185164.60897180098
127,124258.64119892808
1371,133831.37048548408
1014,194930.06450585593
1507,81907.93711937877
702,154156.2232022039
750,160486.66923654408
261,143873.3083234215
1559,75579.8665676144
577,222758.80760976754
2812,207971.45710374464
2080,154579.96086187198
1368,129408.58826799582
2376,120565.6595535498
659,106013.77137420754
1235,116404.64866886265
332,92192.36564038755
1917,126575.71424217428
2094,263595.9730062564
1460,268029.40396439465
1471,205737.27500992705
1509,119425.59183440328
1922,122858.44220944503
433,453637.92343156086
460,314533.2392047832
1116,262548.61490700464
1137,172531.95255680956
53,190958.3054916837
2354,252184.7717138764
1475,211394.46551471786
1761,453384.1423039868
842,142922.38047496503
2739,201807.65931706634
2509,176901.3252076723
1007,209952.29210872966
2610,175122.52464570582
1952,82912.80297449927
2719,205318.67300919734
2921,91319.70994881792
1966,135411.60638588326
292,143354.18554411147
1204,200849.0944106626
1829,244067.42240956787
2419,189890.84578215762
391,165984.3588515767
798,110626.38708670258
481,200948.55768453088
193,196821.21492007008
555,121749.54461166513
899,55161.82909995617
2357,189890.08606184393
328,127839.00090606863
1356,115832.52943732403
1154,101560.03120002233
1730,188843.3913904647
2249,149478.37953785286
1119,266287.7719788429
2856,150030.44952865926
1394,122876.90361123433
2587,110232.00695960314
61,318382.74954937457
2661,215596.53501292324
2711,120310.08997153856
1147,187404.66389071112
757,128102.49407980469
2623,66272.87011512993
2378,170365.72682553704
1413,144441.22667815647
1722,230365.00394721748
1112,227267.41116451842
1623,193101.0204367533
1201,194000.1666974176
1513,110725.65058368738
957,255107.76145013876
1171,257662.4108695026
1145,198123.94329977164
2726,242014.5009041219
703,166449.06558724807
760,74912.85178418251
1964,128717.4407657435
2512,185701.5473020927
159,154112.06989745802
1281,172240.549031832
468,186420.3527013213
290,124454.9449925321
665,97251.29554198106
1463,266601.878840011
1792,231795.24075148292
923,138861.01113858767
500,275566.7107872333
1408,183015.9015395742
331,76941.37972848493
170,126474.62248673037
2192,89418.30037557513
2571,266135.35908331885
2314,172570.90883694717
2647,92134.09968815206
422,423898.2854691427
2457,333381.0013693645
1838,223274.9499553235
2805,251007.08271991287
1645,165879.72315366028
1711,282612.35010771314
2825,258758.462935814
322,376908.55749410973
2103,277605.53010586934
342,116409.66690599926
600,110380.0390514811
488,203426.5956729095
1725,349374.96690031467
2246,243350.27174619038
2847,174575.99756511863
806,249882.30247406164
530,240471.12531894495
963,189787.44204175897
2678,84651.31141522518
171,90321.51359115631
2401,407289.35623191844
805,227074.6088541395
2259,191057.9702964833
1748,178400.21126462703
1361,143658.54697630447
1677,127875.70214479952
1406,165585.7014461348
2322,227933.78871992027
688,163024.9540191392
143,134575.18321190984
804,207044.69531637416
1214,162455.71044728087
2828,143198.8617240282
1999,207331.56295292714
2467,200339.83917743622
2665,162190.06159475597
1538,311860.08907995163
398,104648.19324358155
2822,133170.59317117333
2157,148662.79466648767
1856,188159.64171018032
1269,81933.28869405008
2570,111243.77312019732
2320,256711.58998967588
1517,122767.84934223571
2304,118561.01067830561
1312,89041.85107646772
2012,141587.19656469516
506,221748.87746140786
2865,188241.0953084691
2367,110385.65476267415
554,105282.72665663707
238,125431.6147120521
1954,105927.36151597672
2488,128817.58816839028
2291,98887.22740526171
1969,72354.37584366417
2725,168102.704136509
1482,159270.5428991165
2763,200944.31530543946
503,239935.2757829158
1584,235581.77725020988
1531,162104.40707887453
2210,166255.22260195424
459,353523.4652915725
556,126600.01162279262
1347,159334.43852809942
1290,79115.17823445793
1388,107851.54635830178
1571,201367.43107986305
2754,216845.8285347793
765,129696.87163674059
2494,117563.51209861532
2870,201653.96933290368
7,216654.98613374698
1114,243710.72320148998
2418,274756.877741784
291,122170.62152929013
18,306108.3120608192
39,370370.0241716564
1001,251999.6183232658
2442,236107.8885578509
616,114912.12102766585
2680,49536.320012329554
1414,118789.51951759297
289,140525.82925510217
40,259161.43815327095
860,121356.25634908007
409,138347.9246218862
673,137173.25970832465
2427,186081.42481456164
2036,208904.4290383534
2564,144958.91762265482
642,194606.4822394338
1008,174498.95455678029
1908,150155.52578424077
2519,227305.77423309948
1369,89736.21899938585
2855,164093.50327432898
712,83847.80443078157
1943,114609.1216684783
1958,140594.33177165093
107,165673.4125800719
2295,195999.93430498222
704,107204.0779031924
676,120538.23140490084
259,183203.1471110666
93,280317.31771361275
106,244135.24138047273
2315,192532.68338766627
1050,103671.47658336251
1095,201473.06749899336
2709,142543.1488188053
758,175026.76764925136
1496,159940.66379841563
2370,130056.32936206026
2458,253527.18802355503
2733,137631.70939082577
161,251727.88831853453
726,162994.46942509737
845,214143.9581046321
947,264950.2177833109
2232,119556.41465923439
2563,152920.74278919087
2299,141735.48585756062
211,100444.15222137669
605,200060.28987733624
1478,209211.8244550977
2247,248155.65848011925
2274,232939.62071804272
2869,190614.1695629704
967,220420.91901693278
2656,115012.69286842822
667,242968.85879999684
1042,113885.67389345501
2023,164415.57367792123
2447,330377.0196508458
2055,117605.65105232134
2275,276150.8219459476
2204,177219.21110157526
1563,249369.76462359342
483,218525.51859648936
796,133207.18249087004
1526,144854.07474558282
2042,174285.5865552421
442,362330.6149532243
1693,286104.68904973
1468,224097.63272960103
1430,183723.87690918532
2605,176021.41201355093
1529,182195.69810216344
335,128521.45290439622
1287,135478.05722218344
31,103317.80523771547
1785,332652.03926462145
82,167145.7255709325
2620,120616.27310930731
252,210737.89076342736
721,77819.73436862504
2165,199332.28460517927
2316,179350.92315022383
775,121845.21688707202
1558,127672.46512168359
17,194822.99622522376
1022,232750.32414868084
925,121328.9118804193
438,283084.10206844297
1270,138204.81009724725
1272,114233.00009038192
215,147763.66913317784
266,225411.26564031426
2402,251074.5428170506
1250,124706.7798078859
1984,121738.81981049442
1279,140344.99376366736
377,240919.41203547412
1252,125980.2680531682
2156,255594.7654305203
499,288583.1048389056
1374,117000.116454195
2898,243664.34491013992
401,107630.48986573474
2721,181596.5901608894
2078,236766.81885699957
2589,118538.8449636449
1946,250880.8264723347
1334,125070.74239680861
2781,253692.48442064202
431,400723.84432419157
576,214223.64095098613
1474,206156.42473740524
2254,138231.46684913014
2155,280114.03860063426
885,91644.95941286898
643,129177.29104240295
1944,120215.83760560016
480,207919.14894424376
2845,90234.65207757124
2387,295808.8751522779
2407,216313.98086424195
2527,174838.01570167908
2514,166845.18843302032
629,193745.58410799064
80,208535.85884491197
1876,145649.87166678964
1546,123538.28637406876
2518,178005.20598927676
2347,159724.47328301088
783,187717.05427002185
1322,68690.82805655462
194,69719.07065462248
1770,282033.0760621213
2143,126488.94524313495
1229,208724.27647489373
511,280925.7017901495
46,217465.65308595472
1348,190151.5702990089
2465,198526.2088874168
387,237268.18944682233
873,216627.53431216354
1918,116592.29370866391
2764,236982.5329677017
2184,123462.82289910351
934,148202.72875082953
1920,124387.48253107462
2631,152628.65312642214
1768,510776.5215658975
2040,125671.67252159258
1749,222411.61422410468
834,238103.5207671565
1457,250362.7053563528
79,113593.34775768164
2302,105251.96914831139
1817,122983.27060951802
2755,250951.97922638425
359,173570.7464778395
2059,105135.00099069526
2092,238942.83189669196
2516,254862.30502851232
150,105619.92656298449
1656,150470.95230862155
83,96639.84602101568
2411,195733.93385438411
795,58159.51847865275
2312,230762.9808552198
2917,88047.45845275265
1624,182721.86375079842
2215,268216.4879150687
1211,148260.73837860828
1485,159270.5428991165
1024,166590.00867574185
570,203882.28472541674
2874,137927.17605648743
700,165267.8900055146
2756,222417.11343740154
2022,194009.10909416003
583,237902.74326965818
2392,362947.81137225404
2424,214907.19504594267
212,124338.79165645814
736,135705.24852911985
1610,183831.21382739014
890,120081.18613405901
467,184871.20180407073
578,230455.49947062845
1747,173637.49352745072
1149,177764.86657740604
2758,237602.11065806766
857,124822.72215290106
2219,253935.36419236768
733,124713.15064139898
2909,114253.18614104853
1798,278288.07355510973
235,122800.89640979977
2366,146730.99711371114
1027,130859.49014487732
1195,138662.77720876454
1303,21694.39962464734
148,194477.50165868815
608,170714.73885368046
2515,204897.36639129708
821,275065.31323810376
2500,267239.43117724446
745,112871.35446032231
741,137791.4503022713
1611,123752.78951561854
2532,116416.34874270397
1081,234694.26746430088
1692,415534.8005874561
2520,189956.46943650488
276,95721.97986903087
1992,119647.21776999361
663,34469.966183676384
418,132083.69239873067
1733,198432.19283869409
2359,150463.17725288728
253,201520.57440335455
1518,154459.04070406745
2035,146101.80008266756
2919,87422.08907322852
1540,227121.02068416504
2120,147210.00485508886
1674,201614.01031657594
256,142280.84765092432
2361,94155.88406208224
978,73393.32429852204
2280,150200.63493986064
2095,217572.96526652068
1709,296552.742879727
2801,239747.94788444432
1246,97820.97909003746
2373,120544.8583673698
1055,265114.40893546946
2017,113503.04758378465
1099,260001.3001532291
1344,71154.5335215198
835,174702.77966371225
1117,214763.89515802835
2043,96151.45148520492
2085,134899.97528993606
410,167691.86169054772
2650,113825.74358764854
2867,165946.2432246615
1668,111534.29075990936
1161,182641.79889912187
2122,176939.39956817744
2539,134791.19102319563
1047,147221.51759796962
1445,113625.55490982029
541,143328.74279474857
569,248065.34468945852
1276,122598.51550236743
918,147232.637887029
326,186268.76729486903
1936,112519.90540885582
895,88717.38274495132
257,134854.1185839894
1241,186088.24954447537
1545,115977.77400143741
1189,177598.87597844398
270,149070.13543562335
2066,211795.70563854632
693,106084.03230096513
1259,215661.34098881527
2916,148375.26947735733
2321,287362.3850795431
1977,116759.02599670287
1895,156542.47799259296
1240,168553.51414520366
85,141599.66223967046
1823,119189.69633416552
825,285672.5108304249
110,232210.5491456475
697,103892.56897521045
2297,95311.81800531597
1231,134742.0544273426
1355,128525.89556455336
968,363000.7509512153
584,220042.35821291414
1315,125135.73681678006
1606,136091.34221070763
206,113973.81905522215
1685,357648.29203456454
2016,142195.65247453284
869,216120.78933112306
2135,116189.53839123482
2346,176506.31703121978
2430,235550.25281388505
2198,86397.56692402437
2652,119003.36640669231
27,104524.34830715596
241,176762.67027846005
906,130776.2174879185
1506,102401.85837141491
2098,327751.2381024841
1435,217582.5174437356
2213,100994.77876289777
1274,142122.96998252432
743,42628.15767066777
1737,202005.06926848038
2797,269751.6908684856
2185,58903.87680354349
58,174131.4448313166
830,199477.89776728977
808,108593.2259657576
680,161038.10029864535
1153,108649.64417209203
1291,140925.16643584083
1818,153721.2258683836
2161,193149.7249421949
1883,130557.2135072237
350,310154.8161681586
2473,158111.99105498617
295,183272.23516839216
293,187547.36061960884
859,122387.84947049298
288,62423.98640046318
1578,135967.94205312117
102,176086.43027721092
2831,188216.34154275045
1030,186079.58215817425
2551,136594.14203337894
1286,147592.26499995912
958,287936.4437087578
776,119781.23570477936
72,215308.65598463698
2263,263921.34699824505
1866,145921.934393809
2876,63698.24784850664
2146,267406.617788333
103,184222.0053742955
1500,145886.37530442217
492,195366.42491663355
167,143351.73919782025
2597,111540.47382261886
2685,113318.32708774625
1035,146107.55621383843
1220,31313.88879483659
2602,150979.24240838116
2159,220793.92298328882
695,156936.14971132597
1109,255590.0828683512
640,186240.56448554373
1652,156506.06927392376
2090,204855.61066819757
1188,211030.2903787384
2345,227227.63339619787
1059,349122.17265570245
2751,252192.17642219854
128,215892.1026298651
1523,195925.6112773862
2925,165077.57025015395
2145,292259.0910598374
1121,226198.512862157
566,307587.66259951534
565,220569.29390208016
1331,144614.86937913275
2928,116343.01437523891
156,138180.2725535995
797,152285.82274985407
327,95333.11452828387
2859,143877.10197979657
1453,105838.57749767191
1762,331205.44546011614
1868,194635.9934813709
1760,194622.54056425346
1113,270990.2628436224
1812,193924.59394539022
117,158872.69820165442
1142,211782.80908755184
2342,385786.481312881
927,135347.55366420114
2478,202783.06356464382
655,75700.88468624506
2064,113188.50973894648
369,227478.85848912384
2239,126381.38322708926
2732,209814.9802935366
1653,161059.07746621256
959,204295.25635703697
2395,299374.2990183382
1412,104807.52060646992
271,260836.26983281825
1484,159270.5428991165
1497,146796.9996978722
552,162247.8652787153
2,109521.10181555153
1855,275421.7554157012
4,273839.93320223654
2292,166207.00405282943
134,145649.09811208188
646,122751.56108758814
42,287709.7577097543
532,225230.95001026837
713,105320.02243858221
2561,124180.92478084461
2360,129764.79836649528
1333,117224.5807356369
1407,188447.69294075272
2892,267553.3886841979
574,218739.06245756784
1227,170868.30267126832
2591,246467.28395472694
1476,213571.0848277356
1125,250479.23302786364
1446,122221.71608030761
408,117408.90781742729
1101,280383.0118637226
2251,208555.66007650594
373,196965.3311431664
2554,123798.33126690847
2382,272069.1659198666
1985,75190.87504362228
519,220968.58088301422
1093,198499.04824746988
864,259414.53503794863
2889,140786.01226083268
2308,219182.17910358604
986,150573.56646921913
1302,173975.84346362975
585,160956.75708740088
2708,137783.8297788666
147,130610.04853065388
1441,226444.5536948625
383,177568.1796593615
285,168370.93721913564
181,113864.9386200353
358,238545.13892997373
780,164893.27721395242
258,207540.94622460392
1865,218334.94500336138
692,126317.64712968751
2902,311224.1867648689
508,275914.78777747485
2638,143008.6845241996
36,169476.78113241654
611,175389.34299965264
2281,121269.2834305852
1678,133973.348379352
1696,435308.5618378257
1557,71498.86525961896
2180,155757.9506708788
1726,228322.94253098225
951,141338.5229426562
267,237539.1644215691
2706,147272.90333907885
2221,221590.99481512775
1357,170034.95911123368
2901,294544.1208784552
347,179434.4966021891
2164,194544.36774660426
1586,300266.79541056434
360,177445.9972694666
1769,235637.8328379947
2617,141471.97235183412
1879,170560.32555125494
991,224390.3248735824
1535,113936.74889013391
1191,178250.8281077753
1579,215667.6847705647
1882,128493.973981846
1510,125547.56621614788
2196,202775.0475421837
1845,186286.8377407041
2336,323357.5180402567
942,91479.893065284
861,108259.83920607093
2555,97364.70585770406
1392,154398.66328479614
2099,277605.53010586934
1543,134107.41133568616
948,256784.19884611247
1239,148269.21367728326
22,187873.847611538
2796,257229.73313135054
2747,181109.7270816651
92,285261.5233975716
210,182881.56355447817
1858,216172.0321074191
2228,175397.22725828196
447,226186.58925020654
827,247914.75307111832
1649,199759.29273707327
682,126216.01242751873
2698,115118.1507799044
494,174024.7791190444
214,106806.2147464739
2441,247671.27058999718
2679,96189.04671161289
1336,131492.69484955378
465,195139.0546765726
1524,131225.533810999
2543,114140.32339834052
631,126586.64311029407
2452,294311.4937747355
228,157017.92396134493
126,172263.1575112177
1092,215985.25356814614
1122,212990.26684829104
932,218624.45784956394
1980,80257.40739654031
2171,99348.79586838796
551,153367.58580491634
2768,183877.93714920513
2056,106719.93647324955
1159,321091.8414919111
2645,139735.2317971483
1174,180642.29959748106
2266,217853.6074047026
2462,355031.0521340514
1219,134083.75182246655
2922,200145.6935381019
118,153024.2653185394
474,195851.31279975962
2576,157960.8468901452
872,269343.6989111697
1077,229815.1964418385
1536,145255.0249030087
1150,124935.61653875287
2341,285893.3581575561
1931,125136.70071904021
2785,125105.38385044891
2538,120614.95998479644
597,221181.45479061618
464,191478.22457868347
233,206159.3191342747
2169,123181.2111847082
2123,161747.67112912415
1867,174137.62389565844
137,251898.89786030247
515,225952.10688337628
933,133807.54953715886
2784,167935.10622841932
972,179002.00461107257
599,174262.31466016447
2614,119087.30655505473
2582,148394.55486638317
1409,171625.53669224193
175,100706.40948632335
352,218267.32156725498
976,79801.79998764455
2134,202726.033603384
984,109928.63274206125
2396,327786.7183672971
1673,141074.35427635335
404,132746.4203085883
607,170277.50205643108
814,167614.164070219
868,205262.69566186762
2271,212117.63831881527
1633,227038.5285494075
337,220321.30258859886
2765,177528.9384886049
1746,242514.1970295601
368,312715.6851339067
2806,210229.98634073412
1662,195851.5061727444
1234,220272.90143161378
1373,139987.90270827094
1672,103609.48799851269
1939,125168.54633766117
