Id,SalePrice
2658,144190.1106280357
2718,182769.70494646265
2414,205743.8810317952
1989,128997.13199511258
625,196153.76871532065
333,91110.44988486594
1327,100745.46233691293
858,132267.2027908425
95,208443.19425920452
1568,187576.35776608606
2482,173406.8444707479
1364,138629.2325880496
2584,174754.6693474971
818,319358.27765015466
2673,152928.06212185428
2089,119319.44066424764
1297,184634.3050064885
790,112621.5164570149
2616,201375.80550420214
720,200964.06139055212
222,143080.061379442
557,139362.38232721755
1148,214553.45932385852
2766,179343.84385374107
534,204776.5150899968
1452,107366.26702958287
630,127063.55694906384
2648,108231.14184573914
125,144063.1425658132
1904,40335.289365167555
1670,98076.72912530813
756,93019.30386224118
717,263454.0267489996
1032,158196.97722894987
852,230080.53186108416
1731,176782.56873886866
2639,118761.80069504399
2071,82072.88588471225
1267,110576.12297426605
1851,209748.6276364429
567,178312.47662449328
2439,216544.60745510098
1898,147209.58325617414
647,169127.6544289661
2256,233865.63516229976
979,112332.98286821571
1444,226030.31461082766
2485,108455.23224306862
157,118294.81640874018
88,114601.70929131033
2003,107002.51559336574
186,202665.9563182675
1425,277891.45997452
2695,125806.88333235864
738,94957.23458338068
395,149875.90726238507
1353,161162.58569210675
1878,141239.34650709317
390,183342.3884716165
1456,258184.80149522063
1103,298738.32567505306
1387,121799.9771357595
2070,153255.66650951176
1199,170407.88286900867
2479,181667.021472659
501,308225.68492561835
2362,84871.02280268431
1718,207008.68092613487
2188,64751.401530192496
1483,171310.18776975988
2557,88150.57068624173
437,296494.491500528
2224,218145.90094265097
1628,188378.99462981176
397,124639.60577709042
587,193766.55247645284
2182,498503.1186494462
971,132898.00566298934
2611,151708.78938534769
1887,80191.27226248484
2399,351764.6034377397
2148,223660.10447958417
304,120996.28950955947
1997,134202.97599193658
2817,114123.8913775232
1431,173889.78995998568
427,390135.602383601
263,119876.725126276
598,171758.15353712582
2895,242618.49331888408
687,143569.55685230406
1822,121860.31256717016
2191,94269.8348281328
179,129241.08081360567
1009,218880.02867538927
2010,118222.89589787029
1991,145414.59671978332
1411,149357.15556288464
1721,249689.83536734048
1144,192363.50572950058
593,217322.50351653018
575,307102.06940562
1249,190514.37532224957
1604,111641.078374937
1064,417521.72291812557
1923,175570.01710782535
1988,99465.76891117668
2325,176256.05856389145
114,198669.48238159006
2700,195643.98147739153
217,142189.62438706684
343,182580.2777105556
386,248165.6108791035
2005,108299.33147755053
2908,133682.50453291886
1814,222948.85135306587
2446,370479.1148280114
208,146929.127885423
1679,128317.81274354219
822,352518.1410038817
6,190936.3164477543
1781,392812.3383797816
2397,272543.4923827965
2340,267937.4579597428
1618,158766.3557373276
2843,112031.76832557924
1061,319219.968590767
2786,112256.49975380133
1935,118235.32271789439
1341,118858.41489381854
521,298423.0969808656
2136,140234.27576280484
996,203626.2284128164
227,167685.49739235782
135,156380.77317886203
1167,165872.7463630937
294,230102.23671363882
1776,213297.20791629303
540,196627.35202630854
1717,207008.68092613487
2303,106844.64126215754
116,185339.48926856686
127,119235.18672589088
1371,131478.65605901752
1014,192911.41338171496
1507,89781.85970915515
702,142532.36306452553
750,157023.5596370756
261,141588.941261306
1559,78145.20251499565
577,211366.40891766318
2812,208044.0243545053
2080,147434.68393464008
1368,124329.31045884072
2376,123754.98117291511
659,111714.7097101127
1235,112035.73093251156
332,91053.57221402861
1917,127367.63111116683
2094,264655.72100313986
1460,268384.33967262
1471,198873.01837742288
1509,116959.60346891903
1922,117902.0392942118
433,428385.8377342422
460,309019.1945876524
1116,262002.98812512032
1137,169371.13208573632
53,192706.3890264155
2354,244756.18684698717
1475,206663.76792074565
1761,419528.4783201137
842,140845.24483647876
2739,187699.29125811142
2509,186029.65307162554
1007,213723.4557482123
2610,173108.39607684492
1952,88649.18649895769
2719,182074.98434817136
2921,91067.00183926089
1966,127449.15889422069
292,134734.763155354
1204,200628.54193452458
1829,243638.76176742231
2419,193905.2986500467
391,168426.29008932263
798,108934.6233267006
481,208157.645215676
193,184911.96862628154
555,122138.72585736396
899,60474.50095231747
2357,193698.59015437844
328,130724.0424153009
1356,119046.89180417414
1154,102929.5334976645
1730,193655.64324737713
2249,158387.97954973162
1119,275463.26178039744
2856,148442.52220616356
1394,117832.72489536306
2587,120581.21682999395
61,311479.0663130824
2661,194526.3075419377
2711,122513.64474688005
1147,186041.5728223105
757,129766.66694785637
2623,77535.07073243562
2378,173983.28619015112
1413,145637.8725837113
1722,234080.68821748652
1112,230528.69037842055
1623,190372.79687739536
1201,195574.08209669733
1513,101077.90263340039
957,241748.10006793382
1171,258228.76746833595
1145,198556.21404735345
2726,232020.46495613165
703,171345.25393773694
760,72738.8917354334
1964,124218.45072718173
2512,191915.79199148767
159,153195.5428855072
1281,171457.5553648572
468,192122.91053812215
290,136235.74276362715
665,101604.11325551268
1463,265102.2734607348
1792,229461.43875232158
923,129716.95850353909
500,274498.735905681
1408,172643.98330756233
331,80210.68904721491
170,125888.94574079482
2192,96469.64490853433
2571,258953.5711868452
2314,175779.70996909213
2647,92784.96782445145
422,412186.9177158427
2457,324430.0643607649
1838,222508.32860199802
2805,253321.26957750606
1645,161141.40352549945
1711,279620.52366242686
2825,248252.86602849275
322,361099.32356496336
2103,280760.84429376654
342,120978.97159771959
600,115763.69624848399
488,198516.06020482216
1725,333387.56958231336
2246,241803.67928626557
2847,175707.38215917526
806,247711.06865788277
530,238294.88182264238
963,186897.1894624322
2678,84687.51886226535
171,85234.70408198833
2401,389557.2138448577
805,226115.12388462212
2259,187668.8999560873
1748,193362.4247722286
1361,137771.52816268487
1677,128341.64614169973
1406,175741.49808568484
2322,226562.08721835323
688,157529.1220838064
143,124464.96782135824
804,211974.18932855318
1214,157851.2766867975
2828,148132.73627882154
1999,193748.5907387813
2467,204072.25672889643
2665,163835.38003927845
1538,311054.429764011
398,107090.57222263483
2822,124954.45938686795
2157,156330.51447738765
1856,180438.2066666783
1269,95480.3626929568
2570,108813.14651925855
2320,266720.4816930195
1517,115778.79195909508
2304,113432.56029006197
1312,94595.13776994303
2012,150473.47074269303
506,222525.16989608735
2865,180541.75580382554
2367,116813.11708200103
554,109683.060726141
238,121218.13501264715
1954,106366.10736752121
2488,137149.7590674135
2291,98560.41220874792
1969,84801.97774890366
2725,165477.86818349012
1482,171310.18776975988
2763,204327.76107896655
503,238006.07765065788
1584,236996.3709315686
1531,164296.48410728574
2210,156020.89634299852
459,336826.5996024861
556,126884.81065349875
1347,148904.00723083416
1290,86761.59309222031
1388,104211.39099258125
1571,195546.4719671056
2754,221930.9842061365
765,121937.11223310963
2494,114835.04240177409
2870,195268.5869356522
7,218633.34483219727
1114,244234.7985186552
2418,273831.5755287486
291,110346.08952301275
18,304869.5703495521
39,354745.0560902752
1001,248106.2684574585
2442,231609.86636667696
616,119510.26454158816
2680,54618.918482242254
1414,114912.2341838132
289,136505.51802628615
40,260795.87959533374
860,125282.2532431641
409,141706.48358482565
673,131948.40299614673
2427,189514.56646210578
2036,206908.3599791024
2564,140877.8210861003
642,174146.50527620205
1008,168960.30589578632
1908,141386.72809840864
2519,243701.48548398307
1369,100918.40595069742
2855,164800.53745084454
712,95281.6871819278
1943,107679.68654708841
1958,141910.9715519413
107,186207.12176332902
2295,188117.87750723763
704,98009.01323860121
676,129278.69349092845
259,178261.91547965017
93,278979.0490410231
106,246634.10397072608
2315,189611.91151022472
1050,104406.68920714835
1095,208378.42321013875
2709,145478.97168036448
758,159437.06659300847
1496,164233.83111986588
2370,130741.84516779774
2458,249649.56016389435
2733,137367.00464376382
161,243638.01113066415
726,167119.34353670906
845,211833.22462343978
947,267380.4836004219
2232,108575.06934061178
2563,157726.1618321976
2299,121058.23037851721
211,96402.37820857052
605,191410.4161829384
1478,212285.06867641342
2247,246858.92576443637
2274,232850.03908211173
2869,183068.9404000953
967,214693.60575257323
2656,101306.97149264625
667,231243.53775571976
1042,120912.29586890445
2023,164617.6529036859
2447,320798.10510981374
2055,120987.95671829728
2275,275301.2396229959
2204,180603.64672873679
1563,246468.63497862028
483,222461.0001303385
796,132138.36106498475
1526,140681.34518759642
2042,171795.70845749797
442,354396.75278498745
1693,282520.8764288111
1468,224596.96924433755
1430,180941.16376324647
2605,161753.52563579322
1529,186491.65920640746
335,115589.9258743028
1287,133213.174908614
31,105955.78387166446
1785,319770.208216454
82,171432.93087958387
2620,113017.66564451915
252,212964.81297502748
721,84254.79951788647
2165,199586.4981098374
2316,180424.98607856286
775,125818.038390737
1558,143954.20446693437
17,201165.05952219816
1022,226403.8334563939
925,124252.82408838545
438,285378.78396555467
1270,130501.66551189905
1272,111433.55006939649
215,142040.50358612527
266,228296.78070163768
2402,254259.43249612057
1250,130626.93391525408
1984,120049.0242348875
1279,136760.02818134316
377,226327.93834642202
1252,131865.31471521265
2156,253206.32812170914
499,283784.61031622766
1374,121824.37944005428
2898,227408.67004522568
401,110151.98675890325
2721,174634.99550138533
2078,227406.38597043703
2589,115771.7040965587
1946,239746.4449703114
1334,126434.71942286725
2781,257270.52555925254
431,389624.2685232256
576,226195.728832709
1474,206459.75996134384
2254,141875.78304559505
2155,283920.60003191
885,99648.9997846967
643,128360.41043475483
1944,124331.85449132317
480,213460.59913881292
2845,83175.50372197908
2387,296326.9828017346
2407,218003.24249172042
2527,182355.78421759998
2514,179567.75068071362
629,195742.793357199
80,205975.70866162315
1876,141952.35432363965
1546,125344.42005342417
2518,183040.28455889612
2347,165279.32887260852
783,180816.10680085345
1322,65347.54950797092
194,64359.59699633512
1770,277206.08000299
2143,130172.1944828158
1229,212005.31138059843
511,282214.2626511775
46,219221.28666545
1348,197500.67243631402
2465,202861.87371534048
387,241733.59264793887
873,218368.0209337761
1918,114784.22791012828
2764,239760.70782423057
2184,121654.8498890752
934,156746.15070505
1920,116968.8718358256
2631,158163.46664001845
1768,469488.7924099057
2040,119345.35145495292
1749,223047.02454448715
834,233220.44605851607
1457,243798.16269215153
79,118737.44684644762
2302,106512.18887846167
1817,126307.18313997815
2755,248435.88897497245
359,176371.56107310342
2059,105503.86198022569
2092,244835.1535281125
2516,251432.17743352585
150,105276.2144550915
1656,147006.08015989847
83,96076.08759538697
2411,196393.17835988497
795,64672.20467743205
2312,225222.77993379533
2917,93991.95900256338
1624,187051.6745109838
2215,256370.3431805689
1211,149375.89016175782
1485,171310.18776975988
1024,168638.12204592224
570,206074.53183123667
2874,140892.25494653065
700,142279.30955805656
2756,217928.18572896096
2022,176583.65023694662
583,234343.9565674445
2392,360712.1963257955
2424,215542.25300611043
212,114104.91836799069
736,133055.08561584842
1610,178197.20367137349
890,111234.71872921393
467,190913.3124128957
578,234785.12191658447
1747,181188.1043643328
1149,178293.88844177048
2758,224794.0426872349
857,128496.61435223055
2219,253557.09636343503
733,119245.19763751829
2909,121633.61769494264
1798,287371.26869004546
235,115021.23425911428
2366,148931.12504483646
1027,131113.1111437882
1195,144870.25693973567
1303,26505.30547794621
148,195067.08577835842
608,172541.957661955
2515,206940.81760124216
821,278871.35864667076
2500,258841.6308956963
745,111212.40855107554
741,134673.41507933536
1611,116971.00824276559
2532,116414.2697972631
1081,239222.96247095737
1692,396616.18879893946
2520,202213.24916317855
276,94782.68020869822
1992,110000.34962200391
663,36937.81723992058
418,137748.66429723275
1733,202497.7949745014
2359,149973.8477717942
253,203293.91448425598
1518,151028.51894680463
2035,143583.52254306275
2919,85802.65085458303
1540,227774.2991799551
2120,147592.89260717892
1674,202114.07293831836
256,143615.36000427356
2361,92986.20179480182
978,78327.87131367627
2280,150613.18353804958
2095,220395.50538304698
1709,294949.7540580358
2801,231177.78187129973
1246,101507.09138780205
2373,131589.39909495413
1055,265596.73765325034
2017,114728.65181566999
1099,255457.8247279373
1344,74719.90228231363
835,162171.7118246295
1117,210738.1809856785
2043,103588.3401351043
2085,134264.58923982873
410,170814.58139714063
2650,121458.26086131658
2867,165970.38272310275
1668,110071.71661731068
1161,192647.73604790482
2122,177714.4652396672
2539,128879.5633509896
1047,147622.0610707527
1445,112146.12520292978
541,133628.78857619897
569,235993.31610204038
1276,131176.78192647512
918,155057.90333605564
326,182902.77726509358
1936,111013.67273665681
895,88021.31771314013
257,136435.32458359824
1241,180647.103098631
1545,112790.84628053372
1189,177773.53157242428
270,156666.4884247948
2066,193241.84036614612
693,112382.8077113937
1259,238191.53588516504
2916,140902.31033332806
2321,279600.83237544907
1977,113326.03185261936
1895,153845.07480496023
1240,168938.3352468466
85,138567.53551794606
1823,116399.66647159294
825,279311.9281705258
110,230544.67875214922
697,109531.25660892543
2297,96740.00819529609
1231,131692.13005295914
1355,119565.95198112978
968,352300.18308288517
584,226185.53675935965
1315,122306.26028153067
1606,142539.32553002873
206,120692.77503373518
1685,347816.38888643944
2016,139159.30508841824
869,214023.77020258934
2135,118993.863898935
2346,178999.44039068738
2430,240102.79991888505
2198,85264.05582099411
2652,122154.81023172147
27,106047.69988373878
241,171725.53118435494
906,137454.87705703586
1506,101756.71907451382
2098,320306.39889717835
1435,214216.66201676993
2213,113447.47688696574
1274,147080.11849502422
743,46974.971695196204
1737,199282.65625606023
2797,270557.4313636777
2185,61572.00131800059
58,184612.29080424062
830,202064.9682288816
808,115134.6167055991
680,143941.5622210028
1153,106054.00907791547
1291,141470.18791305774
1818,164734.1807138307
2161,198231.9182234398
1883,129884.90200935556
350,288080.50119013106
2473,150067.8935130114
295,169134.0638279855
293,177592.04036771093
859,127865.52850831494
288,57980.70440027282
1578,137711.014017321
102,177807.90680724074
2831,183163.65759591115
1030,181710.80882155098
2551,128024.85396183019
1286,147845.84297355515
958,295385.1401785506
776,123552.87274370031
72,211731.12118243508
2263,267556.720854061
1866,147713.92125710048
2876,69005.06500711144
2146,263144.79968118295
103,190525.9023114116
1500,150947.7702480292
492,193870.93973291368
167,139829.21619456096
2597,113005.88327449783
2685,116861.75613659598
1035,147304.97835720333
1220,39443.728219395736
2602,158849.5117324194
2159,221913.2337127119
695,144870.4414810177
1109,253844.82811962234
640,187254.53842780087
1652,164065.80943380186
2090,192134.34006293298
1188,195803.50460575699
2345,217049.61339715624
1059,335707.3446732779
2751,250618.72229902993
128,208064.41578893262
1523,199675.76103717668
2925,164069.08617301617
2145,282839.5954806421
1121,225475.7827853711
566,290914.00399897987
565,223190.62869397525
1331,133536.84247805225
2928,112004.11695085655
156,135750.08357538295
797,147298.97053512867
327,93911.62441768234
2859,140458.35434703462
1453,109168.92300063644
1762,326771.54078860546
1868,194968.0271956902
1760,192622.66257852985
1113,275032.32577331446
1812,190209.54651971968
117,155387.39717331214
1142,204019.78927684267
2342,375802.2227143889
927,135707.9172115604
2478,194244.22680782827
655,74244.85070616986
2064,113267.04559131838
369,224499.4802201192
2239,132263.92242335822
2732,204660.69246508396
1653,158246.60245904257
959,200816.8057686155
2395,294422.9343198202
1412,97954.62752436192
271,254302.49285719814
1484,171310.18776975988
1497,137889.28797373967
552,176875.32422409457
2,112323.36139258438
1855,258455.63218278732
4,264082.9596212263
2292,176395.47078187435
134,140044.9381974592
646,127761.45610774611
42,289921.3406991831
532,217974.3579373116
713,96968.18134615228
2561,119193.42797251699
2360,124241.28064098585
1333,110316.0385766648
1407,180934.41533304745
2892,263369.87907583365
574,219829.50487031945
1227,165930.59180312164
2591,263123.196797661
1476,208362.35196082148
1125,252107.16845450143
1446,125014.68611209959
408,117086.00223456469
1101,283004.02272903855
2251,208908.9731280178
373,196884.3758740618
2554,126631.19380990823
2382,277191.64843334944
1985,74049.05608713093
519,221451.41963181552
1093,195041.90320434436
864,256492.99284181127
2889,143205.9248762871
2308,211431.8910200097
986,146777.9035469332
1302,181668.19905014828
585,164880.10973637263
2708,134609.01538122474
147,120053.07669001893
1441,225500.07670292602
383,173666.96091055888
285,158910.74535833375
181,109954.07891392005
358,236666.4734805622
780,155728.7040897741
258,208595.60768183167
1865,206247.39321129984
692,123638.14231662358
2902,311021.99523749034
508,274677.60479814315
2638,130018.056881872
36,170024.4758960176
611,176652.55666086197
2281,119969.04013061643
1678,134467.5005101403
1696,412670.8135654946
1557,70297.0790651774
2180,152365.4559176241
1726,233978.62550791568
951,147405.3182553356
267,236037.49382434867
2706,142919.03846112246
2221,214360.99768181134
1357,156750.759653379
2901,295334.24990301003
347,186606.42816167948
2164,197660.13761907807
1586,301773.08188000997
360,178452.3603348754
1769,231621.8637738441
2617,159011.39685641817
1879,150573.73211416384
991,219888.552419956
1535,109356.3444613702
1191,163620.81400719914
1579,221567.18399367022
1882,128568.09447348601
1510,118196.37906610937
2196,161371.1868757426
1845,192451.60615220582
2336,315622.646734815
942,88724.66670986947
861,111131.65304476013
2555,93779.0331826185
1392,145819.55272467734
2099,280760.84429376654
1543,146132.15308697632
948,247747.07474367332
1239,138043.10455999998
22,198310.6997784589
2796,253327.1779846201
2747,183382.58601652755
92,283656.8901344796
210,175356.97232411566
1858,229585.93907978342
2228,181064.77611040152
447,220031.37724312634
827,244218.28672547144
1649,199517.81015170825
682,119251.76730531814
2698,115559.52877763213
494,184663.11939469312
214,90948.48212565586
2441,242367.88756626664
2679,96141.03223821589
1336,137065.7994189327
465,204274.83058555776
1524,132951.08012782363
2543,120051.7215869152
631,124724.73624017765
2452,290882.0196449873
228,163912.04434049444
126,149535.23435186548
1092,218110.19533103757
1122,209064.08749235538
932,213217.3439477242
1980,80044.3551587374
2171,91096.60225715401
551,154591.02207100665
2768,181681.09686830782
2056,107546.94615147186
1159,304345.55788620847
2645,126737.65976274792
1174,187785.3561907972
2266,218459.9603473145
2462,340265.84601028706
1219,127483.03042958655
2922,184965.96843508177
118,144607.9984882721
474,203064.03234611475
2576,147575.08802110874
872,260272.2225362447
1077,234996.02178370787
1536,140784.26210492197
1150,127275.40821026961
2341,282955.9536375194
1931,122071.35636393259
2785,127915.96925621026
2538,115574.95173373146
597,214655.03920837553
464,193577.66324185542
233,206775.2050016305
2169,127412.98845735862
2123,163864.92156814862
1867,163867.22272229963
137,233861.8999527554
515,223976.2372981821
933,145746.02132315692
2784,172047.55837053427
972,171554.6499694829
599,173022.330092467
2614,123031.59657454256
2582,159410.46736878145
1409,168380.5633322975
175,93010.61115661824
352,212187.64265279978
976,83613.57075079803
2134,203293.92798151818
984,109413.89720509882
2396,331454.99549822474
1673,147461.0192500567
404,130564.62795992251
607,166954.41349995407
814,172055.63037524605
868,205840.91352709505
2271,209831.85016529245
1633,224491.91001045913
337,204270.63698728077
2765,155412.21289033568
1746,244049.12441590164
368,304799.438427286
2806,207242.31626984835
1662,190147.61777348205
1234,214429.16806245822
1373,139050.39348737616
1672,105567.57981787683
1939,134877.7894069662
